5.862468481063842773e-01 7.872964477539062500e+01 2.317634201049804688e+01
-5.711375045776367188e+01 -5.130039978027343750e+01 4.678271484375000000e+01
-5.021675109863281250e+01 -5.602691268920898438e+01 3.416214370727539062e+01
-3.879566955566406250e+01 -5.690497207641601562e+01 2.192905616760253906e+01
-2.962696456909179688e+01 -5.768646621704101562e+01 1.585745716094970703e+01
-1.556392288208007812e+01 -5.381772232055664062e+01 1.200321197509765625e+01
1.493891811370849609e+01 -5.252636718750000000e+01 1.241601753234863281e+01
2.762125968933105469e+01 -5.633798599243164062e+01 1.620070838928222656e+01
3.687218856811523438e+01 -5.588240051269531250e+01 2.234012985229492188e+01
4.801872634887695312e+01 -5.413969039916992188e+01 3.287670516967773438e+01
5.493420410156250000e+01 -4.876091766357421875e+01 4.391139984130859375e+01
9.755885004997253418e-01 -3.599571609497070312e+01 1.533371734619140625e+01
1.295488834381103516e+00 -1.837105178833007812e+01 1.295253086090087891e+01
1.169039964675903320e+00 -5.502729415893554688e+00 6.933759689331054688e+00
1.324353933334350586e+00 5.223155975341796875e+00 3.281763553619384766e+00
-1.061166477203369141e+01 1.295834922790527344e+01 2.162276458740234375e+01
-5.147602558135986328e+00 1.608338356018066406e+01 1.863278388977050781e+01
7.948544025421142578e-01 1.780137062072753906e+01 1.740065383911132812e+01
6.404633045196533203e+00 1.649684906005859375e+01 1.887524223327636719e+01
1.128962993621826172e+01 1.386424446105957031e+01 2.183790016174316406e+01
-4.650949859619140625e+01 -3.832709503173828125e+01 3.641600418090820312e+01
-3.662562179565429688e+01 -4.003409194946289062e+01 2.697853851318359375e+01
-2.613725852966308594e+01 -4.035707473754882812e+01 2.568147850036621094e+01
-1.776072120666503906e+01 -3.258519744873046875e+01 2.907615661621093750e+01
-2.857307624816894531e+01 -3.133931159973144531e+01 2.851314163208007812e+01
-3.531597518920898438e+01 -3.336409759521484375e+01 2.953546142578125000e+01
1.804391098022460938e+01 -3.095682334899902344e+01 2.906296730041503906e+01
2.545973777770996094e+01 -3.785017395019531250e+01 2.660374259948730469e+01
3.494161224365234375e+01 -3.641166687011718750e+01 2.815935897827148438e+01
4.473758697509765625e+01 -3.410787200927734375e+01 3.673243713378906250e+01
3.460580825805664062e+01 -2.936051368713378906e+01 3.002419853210449219e+01
2.828340530395507812e+01 -2.810362434387207031e+01 2.857681274414062500e+01
-2.000109672546386719e+01 3.587311935424804688e+01 2.467940139770507812e+01
-1.517112541198730469e+01 3.055978584289550781e+01 2.077887535095214844e+01
-4.272953987121582031e+00 2.849174499511718750e+01 1.563890647888183594e+01
9.129478931427001953e-01 2.940682983398437500e+01 1.530903434753417969e+01
5.915512084960937500e+00 2.886590385437011719e+01 1.577433967590332031e+01
1.609077262878417969e+01 3.112099075317382812e+01 2.045352745056152344e+01
2.146691894531250000e+01 3.712250137329101562e+01 2.439267730712890625e+01
1.636684226989746094e+01 4.110508346557617188e+01 2.019831085205078125e+01
8.093836784362792969e+00 4.461882400512695312e+01 1.674007606506347656e+01
6.376140713691711426e-01 4.504141998291015625e+01 1.691001510620117188e+01
-6.237400531768798828e+00 4.375403594970703125e+01 1.704776954650878906e+01
-1.439151859283447266e+01 4.025728225708007812e+01 2.136468315124511719e+01
-9.422926902770996094e+00 3.452179336547851562e+01 2.028252601623535156e+01
1.115690827369689941e+00 3.555863952636718750e+01 1.827753639221191406e+01
1.108111095428466797e+01 3.538360214233398438e+01 2.027869033813476562e+01
1.114828586578369141e+01 3.651076889038085938e+01 2.039755630493164062e+01
9.804738759994506836e-01 3.681156921386718750e+01 1.785094261169433594e+01
-9.598259925842285156e+00 3.567073822021484375e+01 2.036244964599609375e+01
